>>>>FIRST INPUT>>>>

25
24
23
22
21
20
19
18
17
16
15
14
13
12
11
10
9
8
7
6
5
4
3
2
1




Taking first element as pivot element .
 1  24  23  22  21  20  19  18  17  16  15  14  13  12  11  10  9  8  7  6  5  4  3  2  25 
 1  24  23  22  21  20  19  18  17  16  15  14  13  12  11  10  9  8  7  6  5  4  3  2  25 
 1  2  23  22  21  20  19  18  17  16  15  14  13  12  11  10  9  8  7  6  5  4  3  24  25 
 1  2  23  22  21  20  19  18  17  16  15  14  13  12  11  10  9  8  7  6  5  4  3  24  25 
 1  2  3  22  21  20  19  18  17  16  15  14  13  12  11  10  9  8  7  6  5  4  23  24  25 
 1  2  3  22  21  20  19  18  17  16  15  14  13  12  11  10  9  8  7  6  5  4  23  24  25 
 1  2  3  4  21  20  19  18  17  16  15  14  13  12  11  10  9  8  7  6  5  22  23  24  25 
 1  2  3  4  21  20  19  18  17  16  15  14  13  12  11  10  9  8  7  6  5  22  23  24  25 
 1  2  3  4  5  20  19  18  17  16  15  14  13  12  11  10  9  8  7  6  21  22  23  24  25 
 1  2  3  4  5  20  19  18  17  16  15  14  13  12  11  10  9  8  7  6  21  22  23  24  25 
 1  2  3  4  5  6  19  18  17  16  15  14  13  12  11  10  9  8  7  20  21  22  23  24  25 
 1  2  3  4  5  6  19  18  17  16  15  14  13  12  11  10  9  8  7  20  21  22  23  24  25 
 1  2  3  4  5  6  7  18  17  16  15  14  13  12  11  10  9  8  19  20  21  22  23  24  25 
 1  2  3  4  5  6  7  18  17  16  15  14  13  12  11  10  9  8  19  20  21  22  23  24  25 
 1  2  3  4  5  6  7  8  17  16  15  14  13  12  11  10  9  18  19  20  21  22  23  24  25 
 1  2  3  4  5  6  7  8  17  16  15  14  13  12  11  10  9  18  19  20  21  22  23  24  25 
 1  2  3  4  5  6  7  8  9  16  15  14  13  12  11  10  17  18  19  20  21  22  23  24  25 
 1  2  3  4  5  6  7  8  9  16  15  14  13  12  11  10  17  18  19  20  21  22  23  24  25 
 1  2  3  4  5  6  7  8  9  10  15  14  13  12  11  16  17  18  19  20  21  22  23  24  25 
 1  2  3  4  5  6  7  8  9  10  15  14  13  12  11  16  17  18  19  20  21  22  23  24  25 
 1  2  3  4  5  6  7  8  9  10  11  14  13  12  15  16  17  18  19  20  21  22  23  24  25 
 1  2  3  4  5  6  7  8  9  10  11  14  13  12  15  16  17  18  19  20  21  22  23  24  25 
 1  2  3  4  5  6  7  8  9  10  11  12  13  14  15  16  17  18  19  20  21  22  23  24  25 
 1  2  3  4  5  6  7  8  9  10  11  12  13  14  15  16  17  18  19  20  21  22  23  24  25 
The sorted array is : 
 1  2  3  4  5  6  7  8  9  10  11  12  13  14  15  16  17  18  19  20  21  22  23  24  25 



Taking midle element as pivot element .
 1  2  3  4  5  6  7  8  9  10  11  12  13  14  15  16  17  18  19  20  21  22  23  24  25 
 1  2  3  4  5  6  7  8  9  10  11  12  13  14  15  16  17  18  19  20  21  22  23  24  25 
 1  2  3  4  5  6  7  8  9  10  11  12  13  14  15  16  17  18  19  20  21  22  23  24  25 
 1  2  3  4  5  6  7  8  9  10  11  12  13  14  15  16  17  18  19  20  21  22  23  24  25 
 1  2  3  4  5  6  7  8  9  10  11  12  13  14  15  16  17  18  19  20  21  22  23  24  25 
 1  2  3  4  5  6  7  8  9  10  11  12  13  14  15  16  17  18  19  20  21  22  23  24  25 
 1  2  3  4  5  6  7  8  9  10  11  12  13  14  15  16  17  18  19  20  21  22  23  24  25 
 1  2  3  4  5  6  7  8  9  10  11  12  13  14  15  16  17  18  19  20  21  22  23  24  25 
 1  2  3  4  5  6  7  8  9  10  11  12  13  14  15  16  17  18  19  20  21  22  23  24  25 
 1  2  3  4  5  6  7  8  9  10  11  12  13  14  15  16  17  18  19  20  21  22  23  24  25 
 1  2  3  4  5  6  7  8  9  10  11  12  13  14  15  16  17  18  19  20  21  22  23  24  25 
 1  2  3  4  5  6  7  8  9  10  11  12  13  14  15  16  17  18  19  20  21  22  23  24  25 
 1  2  3  4  5  6  7  8  9  10  11  12  13  14  15  16  17  18  19  20  21  22  23  24  25 
 1  2  3  4  5  6  7  8  9  10  11  12  13  14  15  16  17  18  19  20  21  22  23  24  25 
 1  2  3  4  5  6  7  8  9  10  11  12  13  14  15  16  17  18  19  20  21  22  23  24  25 
The sorted array is : 
 1  2  3  4  5  6  7  8  9  10  11  12  13  14  15  16  17  18  19  20  21  22  23  24  25 



Taking random element as pivot element .
 1  2  3  4  5  6  7  8  9  16  15  14  13  12  11  10  17  18  19  20  21  22  23  24  25 
 1  2  3  4  5  6  7  8  9  16  15  14  13  12  11  10  17  18  19  20  21  22  23  24  25 
 1  2  3  4  5  6  7  8  9  16  15  14  13  12  11  10  17  18  19  20  21  22  23  24  25 
 1  2  3  4  5  6  7  8  9  16  15  14  13  12  11  10  17  18  19  20  21  22  23  24  25 
 1  2  3  4  5  6  7  8  9  16  15  14  13  12  11  10  17  18  19  20  21  22  23  24  25 
 1  2  3  4  5  6  7  8  9  10  11  14  13  12  15  16  17  18  19  20  21  22  23  24  25 
 1  2  3  4  5  6  7  8  9  10  11  14  13  12  15  16  17  18  19  20  21  22  23  24  25 
 1  2  3  4  5  6  7  8  9  10  11  14  13  12  15  16  17  18  19  20  21  22  23  24  25 
 1  2  3  4  5  6  7  8  9  10  11  14  13  12  15  16  17  18  19  20  21  22  23  24  25 
 1  2  3  4  5  6  7  8  9  10  11  12  13  14  15  16  17  18  19  20  21  22  23  24  25 
 1  2  3  4  5  6  7  8  9  10  11  12  13  14  15  16  17  18  19  20  21  22  23  24  25 
 1  2  3  4  5  6  7  8  9  10  11  12  13  14  15  16  17  18  19  20  21  22  23  24  25 
 1  2  3  4  5  6  7  8  9  10  11  12  13  14  15  16  17  18  19  20  21  22  23  24  25 
 1  2  3  4  5  6  7  8  9  10  11  12  13  14  15  16  17  18  19  20  21  22  23  24  25 
 1  2  3  4  5  6  7  8  9  10  11  12  13  14  15  16  17  18  19  20  21  22  23  24  25 
 1  2  3  4  5  6  7  8  9  10  11  12  13  14  15  16  17  18  19  20  21  22  23  24  25 
The sorted array is : 
 1  2  3  4  5  6  7  8  9  10  11  12  13  14  15  16  17  18  19  20  21  22  23  24  25 

______________________________________________________________________________________________________________________________________________________________________

>>>>SECOND INPUT>>>>

7
8
0
-3
-67
-98
-7
-4
65
6
0
2
3
5
1
23
25
34
76
22
33
90
96
95
92


Taking first element as pivot element .
 1  5  0  -3  -67  -98  -7  -4  3  6  0  2  65  8  7  23  25  34  76  22  33  90  96  95  92 
 0  -4  0  -3  -67  -98  -7  5  3  6  1  2  65  8  7  23  25  34  76  22  33  90  96  95  92 
 -7  -4  -98  -3  -67  0  0  5  3  6  1  2  65  8  7  23  25  34  76  22  33  90  96  95  92 
 -67  -98  -4  -3  -7  0  0  5  3  6  1  2  65  8  7  23  25  34  76  22  33  90  96  95  92 
 -98  -67  -4  -3  -7  0  0  5  3  6  1  2  65  8  7  23  25  34  76  22  33  90  96  95  92 
 -98  -67  -7  -3  -4  0  0  5  3  6  1  2  65  8  7  23  25  34  76  22  33  90  96  95  92 
 -98  -67  -7  -4  -3  0  0  5  3  6  1  2  65  8  7  23  25  34  76  22  33  90  96  95  92 
 -98  -67  -7  -4  -3  0  0  5  3  6  1  2  65  8  7  23  25  34  76  22  33  90  96  95  92 
 -98  -67  -7  -4  -3  0  0  2  3  1  6  5  65  8  7  23  25  34  76  22  33  90  96  95  92 
 -98  -67  -7  -4  -3  0  0  1  3  2  6  5  65  8  7  23  25  34  76  22  33  90  96  95  92 
 -98  -67  -7  -4  -3  0  0  1  2  3  6  5  65  8  7  23  25  34  76  22  33  90  96  95  92 
 -98  -67  -7  -4  -3  0  0  1  2  3  5  6  65  8  7  23  25  34  76  22  33  90  96  95  92 
 -98  -67  -7  -4  -3  0  0  1  2  3  5  6  33  8  7  23  25  34  22  76  65  90  96  95  92 
 -98  -67  -7  -4  -3  0  0  1  2  3  5  6  22  8  7  23  25  34  33  76  65  90  96  95  92 
 -98  -67  -7  -4  -3  0  0  1  2  3  5  6  7  8  22  23  25  34  33  76  65  90  96  95  92 
 -98  -67  -7  -4  -3  0  0  1  2  3  5  6  7  8  22  23  25  34  33  76  65  90  96  95  92 
 -98  -67  -7  -4  -3  0  0  1  2  3  5  6  7  8  22  23  25  34  33  76  65  90  96  95  92 
 -98  -67  -7  -4  -3  0  0  1  2  3  5  6  7  8  22  23  25  34  33  76  65  90  96  95  92 
 -98  -67  -7  -4  -3  0  0  1  2  3  5  6  7  8  22  23  25  33  34  76  65  90  96  95  92 
 -98  -67  -7  -4  -3  0  0  1  2  3  5  6  7  8  22  23  25  33  34  65  76  90  96  95  92 
 -98  -67  -7  -4  -3  0  0  1  2  3  5  6  7  8  22  23  25  33  34  65  76  90  96  95  92 
 -98  -67  -7  -4  -3  0  0  1  2  3  5  6  7  8  22  23  25  33  34  65  76  90  96  95  92 
 -98  -67  -7  -4  -3  0  0  1  2  3  5  6  7  8  22  23  25  33  34  65  76  90  92  95  96 
 -98  -67  -7  -4  -3  0  0  1  2  3  5  6  7  8  22  23  25  33  34  65  76  90  92  95  96 
The sorted array is : 
 -98  -67  -7  -4  -3  0  0  1  2  3  5  6  7  8  22  23  25  33  34  65  76  90  92  95  96 



Taking midle element as pivot element .
 1  3  0  -3  -67  -98  -7  -4  2  0  6  65  8  5  7  23  25  34  76  22  33  90  96  95  92 
 -98  -67  0  -3  3  1  -7  -4  2  0  6  65  8  5  7  23  25  34  76  22  33  90  96  95  92 
 -98  -67  0  -3  3  1  -7  -4  2  0  6  65  8  5  7  23  25  34  76  22  33  90  96  95  92 
 -98  -67  0  -3  0  -4  -7  1  2  3  6  65  8  5  7  23  25  34  76  22  33  90  96  95  92 
 -98  -67  -7  -3  -4  0  0  1  2  3  6  65  8  5  7  23  25  34  76  22  33  90  96  95  92 
 -98  -67  -7  -4  -3  0  0  1  2  3  6  65  8  5  7  23  25  34  76  22  33  90  96  95  92 
 -98  -67  -7  -4  -3  0  0  1  2  3  6  65  8  5  7  23  25  34  76  22  33  90  96  95  92 
 -98  -67  -7  -4  -3  0  0  1  2  3  6  65  8  5  7  23  25  34  76  22  33  90  96  95  92 
 -98  -67  -7  -4  -3  0  0  1  2  3  6  65  8  5  7  23  25  34  76  22  33  90  96  95  92 
 -98  -67  -7  -4  -3  0  0  1  2  3  6  33  8  5  7  23  25  22  76  34  65  90  96  95  92 
 -98  -67  -7  -4  -3  0  0  1  2  3  5  33  8  6  7  23  25  22  76  34  65  90  96  95  92 
 -98  -67  -7  -4  -3  0  0  1  2  3  5  7  6  8  33  23  25  22  76  34  65  90  96  95  92 
 -98  -67  -7  -4  -3  0  0  1  2  3  5  6  7  8  33  23  25  22  76  34  65  90  96  95  92 
 -98  -67  -7  -4  -3  0  0  1  2  3  5  6  7  8  22  23  25  33  76  34  65  90  96  95  92 
 -98  -67  -7  -4  -3  0  0  1  2  3  5  6  7  8  22  23  25  33  76  34  65  90  96  95  92 
 -98  -67  -7  -4  -3  0  0  1  2  3  5  6  7  8  22  23  25  33  76  34  65  90  96  95  92 
 -98  -67  -7  -4  -3  0  0  1  2  3  5  6  7  8  22  23  25  33  76  34  65  90  96  95  92 
 -98  -67  -7  -4  -3  0  0  1  2  3  5  6  7  8  22  23  25  33  34  76  65  90  96  95  92 
 -98  -67  -7  -4  -3  0  0  1  2  3  5  6  7  8  22  23  25  33  34  65  76  90  96  95  92 
 -98  -67  -7  -4  -3  0  0  1  2  3  5  6  7  8  22  23  25  33  34  65  76  90  92  95  96 
The sorted array is : 
 -98  -67  -7  -4  -3  0  0  1  2  3  5  6  7  8  22  23  25  33  34  65  76  90  92  95  96 



Taking random element as pivot element .
 7  8  0  -3  -67  -98  -7  -4  33  6  0  2  3  5  1  23  25  34  22  76  65  90  96  95  92 
 7  8  0  -3  -67  -98  -7  -4  22  6  0  2  3  5  1  23  25  34  33  76  65  90  96  95  92 
 1  3  0  -3  -67  -98  -7  -4  2  0  6  22  8  5  7  23  25  34  33  76  65  90  96  95  92 
 -98  3  0  -3  -67  1  -7  -4  2  0  6  22  8  5  7  23  25  34  33  76  65  90  96  95  92 
 -98  -7  -67  -3  0  1  3  -4  2  0  6  22  8  5  7  23  25  34  33  76  65  90  96  95  92 
 -98  -67  -7  -3  0  1  3  -4  2  0  6  22  8  5  7  23  25  34  33  76  65  90  96  95  92 
 -98  -67  -7  -3  0  1  0  -4  2  3  6  22  8  5  7  23  25  34  33  76  65  90  96  95  92 
 -98  -67  -7  -4  0  1  0  -3  2  3  6  22  8  5  7  23  25  34  33  76  65  90  96  95  92 
 -98  -67  -7  -4  0  1  0  -3  2  3  6  22  8  5  7  23  25  34  33  76  65  90  96  95  92 
 -98  -67  -7  -4  0  -3  0  1  2  3  6  22  8  5  7  23  25  34  33  76  65  90  96  95  92 
 -98  -67  -7  -4  0  -3  0  1  2  3  6  22  8  5  7  23  25  34  33  76  65  90  96  95  92 
 -98  -67  -7  -4  -3  0  0  1  2  3  6  22  8  5  7  23  25  34  33  76  65  90  96  95  92 
 -98  -67  -7  -4  -3  0  0  1  2  3  5  22  8  6  7  23  25  34  33  76  65  90  96  95  92 
 -98  -67  -7  -4  -3  0  0  1  2  3  5  7  6  8  22  23  25  34  33  76  65  90  96  95  92 
 -98  -67  -7  -4  -3  0  0  1  2  3  5  6  7  8  22  23  25  34  33  76  65  90  96  95  92 
 -98  -67  -7  -4  -3  0  0  1  2  3  5  6  7  8  22  23  25  34  33  76  65  90  96  95  92 
 -98  -67  -7  -4  -3  0  0  1  2  3  5  6  7  8  22  23  25  34  33  76  65  90  96  95  92 
 -98  -67  -7  -4  -3  0  0  1  2  3  5  6  7  8  22  23  25  33  34  76  65  90  96  95  92 
 -98  -67  -7  -4  -3  0  0  1  2  3  5  6  7  8  22  23  25  33  34  76  65  90  92  95  96 
 -98  -67  -7  -4  -3  0  0  1  2  3  5  6  7  8  22  23  25  33  34  65  76  90  92  95  96 
 -98  -67  -7  -4  -3  0  0  1  2  3  5  6  7  8  22  23  25  33  34  65  76  90  92  95  96 
 -98  -67  -7  -4  -3  0  0  1  2  3  5  6  7  8  22  23  25  33  34  65  76  90  92  95  96 
The sorted array is : 
 -98  -67  -7  -4  -3  0  0  1  2  3  5  6  7  8  22  23  25  33  34  65  76  90  92  95  96 
______________________________________________________________________________________________________________________________________________________________________

>>>>THIRD INPUT>>>>

12 
11
10
9
8
7
67
76
85
40
39
35
22
21
20
19
99
89
80
87
88
10
12
11
-5


Taking first element as pivot element .
 -5  11  10  9  8  7  11  12  10  40  39  35  22  21  20  19  99  89  80  87  88  85  76  67  12 
 -5  11  10  9  8  7  11  12  10  40  39  35  22  21  20  19  99  89  80  87  88  85  76  67  12 
 -5  10  10  9  8  7  11  12  11  40  39  35  22  21  20  19  99  89  80  87  88  85  76  67  12 
 -5  7  8  9  10  10  11  12  11  40  39  35  22  21  20  19  99  89  80  87  88  85  76  67  12 
 -5  7  8  9  10  10  11  12  11  40  39  35  22  21  20  19  99  89  80  87  88  85  76  67  12 
 -5  7  8  9  10  10  11  12  11  40  39  35  22  21  20  19  99  89  80  87  88  85  76  67  12 
 -5  7  8  9  10  10  11  12  11  40  39  35  22  21  20  19  99  89  80  87  88  85  76  67  12 
 -5  7  8  9  10  10  11  11  12  40  39  35  22  21  20  19  99  89  80  87  88  85  76  67  12 
 -5  7  8  9  10  10  11  11  12  12  39  35  22  21  20  19  99  89  80  87  88  85  76  67  40 
 -5  7  8  9  10  10  11  11  12  12  39  35  22  21  20  19  99  89  80  87  88  85  76  67  40 
 -5  7  8  9  10  10  11  11  12  12  19  35  22  21  20  39  99  89  80  87  88  85  76  67  40 
 -5  7  8  9  10  10  11  11  12  12  19  35  22  21  20  39  99  89  80  87  88  85  76  67  40 
 -5  7  8  9  10  10  11  11  12  12  19  20  22  21  35  39  99  89  80  87  88  85  76  67  40 
 -5  7  8  9  10  10  11  11  12  12  19  20  22  21  35  39  99  89  80  87  88  85  76  67  40 
 -5  7  8  9  10  10  11  11  12  12  19  20  21  22  35  39  99  89  80  87  88  85  76  67  40 
 -5  7  8  9  10  10  11  11  12  12  19  20  21  22  35  39  40  89  80  87  88  85  76  67  99 
 -5  7  8  9  10  10  11  11  12  12  19  20  21  22  35  39  40  89  80  87  88  85  76  67  99 
 -5  7  8  9  10  10  11  11  12  12  19  20  21  22  35  39  40  67  80  87  88  85  76  89  99 
 -5  7  8  9  10  10  11  11  12  12  19  20  21  22  35  39  40  67  80  87  88  85  76  89  99 
 -5  7  8  9  10  10  11  11  12  12  19  20  21  22  35  39  40  67  76  87  88  85  80  89  99 
 -5  7  8  9  10  10  11  11  12  12  19  20  21  22  35  39  40  67  76  80  85  88  87  89  99 
 -5  7  8  9  10  10  11  11  12  12  19  20  21  22  35  39  40  67  76  80  85  88  87  89  99 
 -5  7  8  9  10  10  11  11  12  12  19  20  21  22  35  39  40  67  76  80  85  87  88  89  99 
The sorted array is : 
 -5  7  8  9  10  10  11  11  12  12  19  20  21  22  35  39  40  67  76  80  85  87  88  89  99 



Taking midle element as pivot element .
 12  11  10  9  8  7  -5  11  12  10  19  20  21  22  35  39  99  89  80  87  88  40  85  76  67 
 -5  11  10  9  8  7  12  11  12  10  19  20  21  22  35  39  99  89  80  87  88  40  85  76  67 
 -5  11  10  9  8  7  10  11  12  12  19  20  21  22  35  39  99  89  80  87  88  40  85  76  67 
 -5  7  8  9  10  11  10  11  12  12  19  20  21  22  35  39  99  89  80  87  88  40  85  76  67 
 -5  7  8  9  10  11  10  11  12  12  19  20  21  22  35  39  99  89  80  87  88  40  85  76  67 
 -5  7  8  9  10  11  10  11  12  12  19  20  21  22  35  39  99  89  80  87  88  40  85  76  67 
 -5  7  8  9  10  11  10  11  12  12  19  20  21  22  35  39  99  89  80  87  88  40  85  76  67 
 -5  7  8  9  10  11  10  11  12  12  19  20  21  22  35  39  99  89  80  87  88  40  85  76  67 
 -5  7  8  9  10  10  11  11  12  12  19  20  21  22  35  39  99  89  80  87  88  40  85  76  67 
 -5  7  8  9  10  10  11  11  12  12  19  20  21  22  35  39  99  89  80  87  88  40  85  76  67 
 -5  7  8  9  10  10  11  11  12  12  19  20  21  22  35  39  99  89  80  87  88  40  85  76  67 
 -5  7  8  9  10  10  11  11  12  12  19  20  21  22  35  39  67  76  40  87  88  80  85  89  99 
 -5  7  8  9  10  10  11  11  12  12  19  20  21  22  35  39  67  76  40  87  88  80  85  89  99 
 -5  7  8  9  10  10  11  11  12  12  19  20  21  22  35  39  67  76  40  87  88  80  85  89  99 
 -5  7  8  9  10  10  11  11  12  12  19  20  21  22  35  39  67  40  76  87  88  80  85  89  99 
 -5  7  8  9  10  10  11  11  12  12  19  20  21  22  35  39  40  67  76  87  88  80  85  89  99 
 -5  7  8  9  10  10  11  11  12  12  19  20  21  22  35  39  40  67  76  80  88  87  85  89  99 
 -5  7  8  9  10  10  11  11  12  12  19  20  21  22  35  39  40  67  76  80  85  87  88  89  99 
 -5  7  8  9  10  10  11  11  12  12  19  20  21  22  35  39  40  67  76  80  85  87  88  89  99 
 -5  7  8  9  10  10  11  11  12  12  19  20  21  22  35  39  40  67  76  80  85  87  88  89  99 
The sorted array is : 
 -5  7  8  9  10  10  11  11  12  12  19  20  21  22  35  39  40  67  76  80  85  87  88  89  99 



Taking random element as pivot element .
 12  11  10  9  8  7  67  76  -5  40  39  35  22  21  20  19  11  12  80  10  88  87  89  99  85 
 12  11  10  9  8  7  10  12  -5  40  39  35  22  21  20  19  11  76  80  67  88  87  89  99  85 
 12  11  10  9  8  7  10  12  -5  11  39  35  22  21  20  19  40  76  80  67  88  87  89  99  85 
 -5  7  8  9  10  11  10  12  12  11  39  35  22  21  20  19  40  76  80  67  88  87  89  99  85 
 -5  7  8  9  10  11  10  12  12  11  39  35  22  21  20  19  40  76  80  67  88  87  89  99  85 
 -5  7  8  9  10  11  10  12  12  11  39  35  22  21  20  19  40  76  80  67  88  87  89  99  85 
 -5  7  8  9  10  11  10  12  12  11  19  20  22  21  35  39  40  76  80  67  88  87  89  99  85 
 -5  7  8  9  10  11  10  11  12  12  19  20  22  21  35  39  40  76  80  67  88  87  89  99  85 
 -5  7  8  9  10  11  10  11  12  12  19  20  22  21  35  39  40  76  80  67  88  87  89  99  85 
 -5  7  8  9  10  10  11  11  12  12  19  20  22  21  35  39  40  76  80  67  88  87  89  99  85 
 -5  7  8  9  10  10  11  11  12  12  19  20  22  21  35  39  40  76  80  67  88  87  89  99  85 
 -5  7  8  9  10  10  11  11  12  12  19  20  22  21  35  39  40  76  80  67  88  87  89  99  85 
 -5  7  8  9  10  10  11  11  12  12  19  20  22  21  35  39  40  76  80  67  88  87  89  99  85 
 -5  7  8  9  10  10  11  11  12  12  19  20  21  22  35  39  40  76  80  67  88  87  89  99  85 
 -5  7  8  9  10  10  11  11  12  12  19  20  21  22  35  39  40  67  80  76  88  87  89  99  85 
 -5  7  8  9  10  10  11  11  12  12  19  20  21  22  35  39  40  67  76  80  88  87  89  99  85 
 -5  7  8  9  10  10  11  11  12  12  19  20  21  22  35  39  40  67  76  80  85  87  89  99  88 
 -5  7  8  9  10  10  11  11  12  12  19  20  21  22  35  39  40  67  76  80  85  87  89  99  88 
 -5  7  8  9  10  10  11  11  12  12  19  20  21  22  35  39  40  67  76  80  85  87  89  88  99 
 -5  7  8  9  10  10  11  11  12  12  19  20  21  22  35  39  40  67  76  80  85  87  88  89  99 
The sorted array is : 
 -5  7  8  9  10  10  11  11  12  12  19  20  21  22  35  39  40  67  76  80  85  87  88  89  99 

